132,133,134,11,12,139,140,62,63,64,65,66,67,
1,2,3,4,5,6,7,48,49,50,138,16,17,20,
101,102,103,104,105,106,146,147,148,107,108,109,110,96,
21,22,23,24,25,25,27,28,29,30,
41,42,8,9,10,46,47,
51,52,53,54,55,56,57,58,59,60,
73,74,75,71,72,18,97,98,19,129,130,
137,136,13,14,144,145,15,128,
77,78,31,32,35,76,149,150,99,100,119,
91,92,93,94,95,116,117,114,118,120,
81,82,83,84,85,122,123,
112,111,43,44,45,113,115,36,37,38,39,40,25,126,127,
131,135,61,69,70,
141,142,143,86,68,87,90,
121,88,89,124,179,80,33,34



